# timestamp(s) summed_cpu_perc summed_mem_perc summed_threads /run_subscribe_msckf_cpu_perc /run_subscribe_msckf_mem_perc /run_subscribe_msckf_threads
1596335139.17476106 79.000 0.313 27 79.000 0.313 27
1596335140.17396593 26.200 0.314 27 26.200 0.314 27
1596335141.17439508 29.100 0.314 27 29.100 0.314 27
1596335142.17428899 28.200 0.314 27 28.200 0.314 27
1596335143.17473793 29.200 0.314 27 29.200 0.314 27
1596335144.17424393 27.200 0.314 27 27.200 0.314 27
1596335145.17430305 27.200 0.314 27 27.200 0.314 27
1596335146.17383790 130.700 0.318 27 130.700 0.318 27
1596335147.17477989 194.900 0.320 27 194.900 0.320 27
1596335148.17455006 179.100 0.321 27 179.100 0.321 27
1596335149.17304611 82.500 0.321 27 82.500 0.321 27
1596335150.17400002 28.100 0.321 27 28.100 0.321 27
1596335151.17445803 30.100 0.321 27 30.100 0.321 27
1596335152.17394209 33.200 0.321 27 33.200 0.321 27
1596335153.17427492 31.200 0.321 27 31.200 0.321 27
1596335154.17403793 30.200 0.321 27 30.200 0.321 27
1596335155.17438197 30.200 0.321 27 30.200 0.321 27
1596335156.17479491 33.200 0.321 27 33.200 0.321 27
1596335157.17427802 32.200 0.321 27 32.200 0.321 27
1596335158.17426300 32.200 0.321 27 32.200 0.321 27
1596335159.17448807 30.200 0.321 27 30.200 0.321 27
1596335160.17437291 33.200 0.321 27 33.200 0.321 27
1596335161.17452693 33.200 0.321 27 33.200 0.321 27
1596335162.17509103 34.200 0.321 27 34.200 0.321 27
1596335163.17338300 31.200 0.321 27 31.200 0.321 27
1596335164.17344093 122.500 0.321 27 122.500 0.321 27
1596335165.17396307 171.700 0.321 27 171.700 0.321 27
1596335166.17344308 180.900 0.321 27 180.900 0.321 27
1596335167.17427707 173.700 0.321 27 173.700 0.321 27
1596335168.17347193 161.900 0.321 27 161.900 0.321 27
1596335169.17517805 165.600 0.321 27 165.600 0.321 27
1596335170.17345905 161.200 0.321 27 161.200 0.321 27
1596335171.17413998 155.800 0.323 27 155.800 0.323 27
1596335172.17435503 167.800 0.323 27 167.800 0.323 27
1596335173.17443204 169.000 0.323 27 169.000 0.323 27
1596335174.17400098 173.100 0.323 27 173.100 0.323 27
1596335175.17344594 171.000 0.323 27 171.000 0.323 27
1596335176.17290497 176.700 0.323 27 176.700 0.323 27
1596335177.17380905 177.500 0.323 27 177.500 0.323 27
1596335178.17457509 212.100 0.323 27 212.100 0.323 27
1596335178.64143395 182.200 0.323 25 182.200 0.323 25
